Media = 5.029891
Mediana = 5.045467
Desviacion = 0.292907
Distancia = 0.330740
Rango=(4.162632,5.636707)