Media: 4.955432
Moda: 4.162632
Mediana: 5.031065
Desviacion: 0.280655
Minimo: 4.162632
Maximo: 5.636707
Rango: 1.474075
Distancia: 0.554859
